合成データ数
18
正解ラベル
[0, 0, 1, 0, 0, 0, 0, 0, 0, 0, 0, 0, 0, 1, 1, 0, 0, 1, 0, 0, 0, 0, 0, 1, 0, 0, 1, 0, 0, 0, 0, 1, 0, 1, 0, 1, 1, 0, 1, 0, 1, 0, 0, 0, 1, 0, 0, 0, 0, 0, 0, 1, 0, 0, 0, 0, 0, 0, 0, 1, 0, 0, 0, 0, 0, 0, 0, 0, 1, 0, 0, 1, 0, 0, 0, 0, 0, 0, 0, 0, 0, 0, 0, 0, 0, 0, 0, 1]
合成元(種類)
['J02', 'E07', 'J08', 'E09', 'E12', 'J14', 'E16', 'E17', 'E18', 'J19', 'J20', 'J21', 'J23', 'E26', 'E30', 'J35', 'E36', 'E44']
Delay
[    0 24000 14400  4800  4800 24000 24000 14400  4800  4800  9600     0
 19200  9600 19200 14400     0  9600]
冒頭,末尾削除
84698
分割
[0, 43247, 91708, 125541, 184363, 267064]
