合成データ数
10
合成元(目標値)
[0, 0, 0, 0, 1, 0, 0, 1, 1, 0, 0, 0, 0, 0, 0, 0, 1, 0, 0, 1, 0, 0, 0, 0, 0, 0, 0, 0, 0, 0, 0, 0, 0, 0, 1, 0, 1, 0, 0, 0, 0, 0, 0, 0, 0, 0, 0, 0, 0, 0, 1, 0, 0, 0, 0, 0, 0, 1, 0, 0, 0, 0, 0, 0, 0, 0, 0, 0, 1, 0, 0, 0, 0, 0, 0, 0, 0, 0, 0, 0, 0, 0, 0, 0, 0, 0, 0, 0]
合成元(種類)
['J03', 'E04', 'J05', 'J09', 'E10', 'J18', 'J19', 'J26', 'E29', 'J35']
Delay
[ 9970     4   410 17854   808 13397  1249  3191  8821 16643]
冒頭,末尾削除
[12334, 1631]
分割
[0, 116538, 141984, 208885, 312584, 381051]
